5 6
3 4 1 2 8 6
6 1 8 2 7 4
5 9 3 9 9 5
8 4 1 3 2 6
3 7 2 8 6 4
5 6
3 4 1 2 8 6
6 1 8 2 7 4
5 9 3 9 9 5
8 4 1 3 2 6
3 7 2 1 2 3
2 2
9 10
9 10
5 36
3 4 1 2 8 6 3 4 1 2 8 6 3 4 1 2 8 6 3 4 1 2 8 6 3 4 1 2 8 6 3 4 1 2 8 6
6 1 8 2 7 4 6 1 8 2 7 4 6 1 8 2 7 4 6 1 8 2 7 4 6 1 8 2 7 4 6 1 8 2 7 4
5 9 3 9 9 5 5 9 3 9 9 5 5 9 3 9 9 5 5 9 3 9 9 5 5 9 3 9 9 5 5 9 3 9 9 5
8 4 1 3 2 6 8 4 1 3 2 6 8 4 1 3 2 6 8 4 1 3 2 6 8 4 1 3 2 6 8 4 1 3 2 6
3 7 2 8 6 4 3 7 2 8 6 4 3 7 2 8 6 4 3 7 2 8 6 4 3 7 2 8 6 4 3 7 2 8 6 4
4 9
3 5 6 4 8 8 3 6 4
6 2 7 1 7 4 5 2 8
8 4 1 5 1 3 8 7 3
9 7 6 8 1 2 8 8 9
1 1
7